010563
010560
010460
010160
010035a
010044b
010049a
010049b
010035
010040
010041
010042
010043
010045
010047
010048
010044a
010133
010036
010124
010103
010015
010120
010102
010100
010201
010220
010200
010202
010321
010302
010303
010420
010400
010422
010427
010500
010527
010520
010601
210002
210003
210055
210001
010731
060006
010226
010227
010232
010228
010300
010533
010534
010136
010521
010523
010003
010233
010426
010128
010129
010229
010230
010328
020043
010402
010424
010425
010524
010621
210023
010525
010231
010430
010531
010150
010126
010135
010137
010301
010322
010323
010404
010501
010526
010138
