170000
170089
170001
170002
170004a
170003
170005a
170005b
170005c
176101
170006
170006a
170006b
170006c
170006d
170006e
170006f
170007
170007a
170007b
170007c
170007d
150134
150135
170019
170020
170020a
170020b
170020c
170020d
170020g
170020h
170021
170022
170023
170023a
170023b
170023c
170023d
170023e
170023f
170139
170029
170031a
170024
170044
170047
170048
170140
170042
170039
170033
170035
170159
170052
170054
170055
170063
170087
170145
170157
170158
170160
170165
170151
170198
170149
177471
170154
170167
170155
170169
170088
170178
170149
170070
170071
170072
170077
170075
170182
170080
170081
170082
170083
170084
170085a
170085b
170090
170091
170104
170105
170107
170184
170084
170085a
170085b
170093a
170093b
170094a
170094b
170143a
170183
170116
170117
170118
170120
170121
170122
170125
170128
170129
170134
170135
170170
170170a
170170b
170171
170172a
170172b
170172c
170182
170183
170184
170188
170066
170113
176417
176417
177004
150130
150131
160037
160038
176101
176104
176105
187110
187111
176103
176107
176106
176102
176008
176301
176307
176302
176304
176305
176312
176107
176311
176303
176309
176313
176308
176550
176310
0004
176306
176502
176510
176512
176505
176501
176508
176518
176550
176313
176506
176503
176507
176417
177209
178000
177104
177309
177399
177469
177931
177988
177701
177706
177004
177462
177804
177807
177304
177505
177502
177506
177507
177508
177986
177105
177358
177303
177322
177908
178008
170089
177278
177258
177259
177231
177717
177718
177032
177310
177323
177368
177906
177218
177526
177217
177201
177024
177396
177457
177461
177276
177464
177257
139080
177522
177463
177255
177136
177135
177504
177503
177932
177228
177229
177311
