130002
121001
121002
131015
131020
131070
131072
150100
150101
131010
160048
160049
187261
130001
135001
135050
135220
137540
135030
135130
135212
135080
137310
135155
135010
135610
135001
137090
135050
135070
135060
135110
135610
135350
135020
137650
135001
135250
135050
125603
129015
125505
135020
135060
135610
135070
121603
135001
137090
135050
135020
135230
135245
137650
135511
137400
135178
135001
121001
150100
131015
160048
187261
131010
131020
131070
131072
150104
150105
150106
150107
135001
133010
133020
133520
127000
135050
131070
150100
150101
180112
131050
131052
131015
187110
131060
187111
150104
150105
121001
121002
133020
133080
133060
135160
135180
135170
135190
135001
251240
251241
251242
135210
135020
135230
135245
137650
135511
137400
135178
135210
135001
251240
251241
251242
130002
121601
121602
131020
131040
131070
131072
150130
150131
131015
160048
160049
187261
133020
133040
251240
251241
251242
150104
150105
133520
133030
135050
135130
137310
135200
135040
135090
135120
141293
135020
135200
135040
135090
135120
141293
133010
135350
135020
135200
135040
135090
135120
141293
135030
135610
135220
135212
137540
135155
135080
137020
135110
135060
135070
135178
135610
137020
135250
137650
135511
135230
137400
135178
135245
137020
121601
121602
150130
160048
187261
135120
131040
131015
131020
131070
131072
150104
150105
133040
133520
133030
133020
251240
251241
251242
141293
135200
135040
135090
139970
137225
137610
137060
137070
135360
137080
139160
137160
139150
118925
072015a
072015
072016
072017
139403
139404
139250
139170
139310
139080
139920
137365
139260
131018
129603
137120
137270
440108
137130
137150
137360
137600
139060
139310
139350
139403
139404
139080
139170
137030
137040
137120
137270
139270
139400
139070
139120
137560
139360
139050
137017
137150
139020
139401
139406
139530
139910
440620
139100
137150
137360
139310
139403
139404
139408
137365
139190
139020
139530
137017
139910
137150
139560
139100
440620
137030
137120
139120
139190
139560
137040
139070
440620
139360
139050
137130
137150
137360
137600
139060
139310
139350
139190
139560
139170
440401
440402
440420
440701
440702
440703
139401
139020
137017
139100
440108
440602
440606
440620
440508
440619
440604
125501
125507
440524
440607
440603
440511
127507
135150
137010
137245
137440
137470
137995
139030
139300
139760
139920
139100
139513
139970
137110
139110
141407
139200
139210
139180
139250
139980
139130
137670
139010
139740
139150
139950
141208
074602
139139
139207
139026
139039
139043
139045
139090
138920
139770
139780
139790
139800
139810
139820
139830
139840
139850
139870
139700
135900
121001
