090001
090002
090011
090013
090012
090014
091100
090700
090300
090100
090200
090400
090104
091101
090101
090754
090905
090951
090952
090908
090600
090202
210038
090601
090903
090902
090901
090904
090907
090906
090201
090203
091000
091003
090001
090002
090001
090002
090011
090013
090012
090014
090012
090001
090002
090011
090013
090014
091100
090700
090300
090100
090200
090400
090104
091101
090101
090754
090754
090905
090951
090952
090908
090600
090202
210038
090601
090903
090902
090901
090904
090907
090906
090905
090952
090951
090908
090200
090600
090202
090201
090601
090203
210038
091000
091003
091002
091001
090402
090400
091054
091007
091007
090305
090403
090405
091000
091003
091002
091001
091004
091005
091006
090405
091054
091009
090402
090400
090401
091007
090702
091012
091010
090407
090305
090403
090406
090702
090404
090407
090800
090801
090802
090851
090703
090505
090803
090500
090104
090100
090102
090105
090101
090505
090704
210051
210038
090800
090801
090802
090703
090505
090851
090803
090500
090100
090104
090102
090105
090101
090505
090704
210038
210051
090014
090301
090300
090303
090304
090302
090305
090306
090307
090352
090203
090308
090352
090306
090203
070120
070121
070020
070021
070025
070022
090800
090801
090902
090903
090901
090907
090904
090906
090905
091000
091001
091002
091003
091004
091005
091006
091005
091006
091004
080006
080007
073019
073018
073010
073011
073011b
070011
070010
070032
070035
070030
090016
090151
090016
090651
090653
090654
090652
090255
090655
090651
090251
090253
090652
090253
090653
090654
090254
090652
090655
090255
090450
090403
091012
090403
090406
090404
090403
090406
090404
090451
090406
090403
090404
091012
091010
090451
090406
090403
090404
090451
090406
090403
090404
090850
090554
090553
210027
090553
090554
210027
090150
090850
090554
090750
090553
210027
090553
090554
090750
210027
090150
090850
090951
090952
090802
090356
090353
090354
090352
090350
090407
090352
090350
090354
090351
090850
090951
090952
090802
090356
091007
091012
090407
090654
090653
090662
090663
090651
090654
090653
090662
090663
090553
090554
090750
090552
090551
090550
090850
090553
090554
090750
210027
090552
090550
090551
090450
090451
090406
090403
090404
091012
091010
090451
090406
090403
090404
090451
090406
090403
090404
090700
090251
090652
090253
090254
090652
090255
090554
090451
090700
090750
090553
210027
090554
210027
090553
090750
090150
090451
090700
090002
