160081
160082
160091
160101
160102
160102 Z
160103
160104
150120
150121
160111
160112
150124
150125
160113
160114
160237
160238
160117
160120
160120a
160150
160200
160201
160202
160203
160228
160229
160206
160207
160204
160205
160250
160213
160214
160217
160220
160224
160225
160222
160223
160226
160227
160210
160211
160243
160244
160234
160235
160236
160237
160240
160200
160201
160202
160203
160228
160229
160206
160207
160204
160205
160210
160211
160243
160244
160250
160611
160612
160613
160608
160602
160621
160663
160624
160250
160401
160402
160406
160417
160420
160421
160422
160429
160416
160415
160250
160433
160434
160435
160501
160502
160515
160516
160507
160508
160529
160530
160531
160511
160521
160510
160522
160517
160523
160250
160303
160304
160313
160323
160350
160327
160250
160316
160821
160823
160830
160835
160250
160226
160227
160234
160235
160236
160101
160102
160102 Z
160103
160104
160111
160112
160115
160116
160117
160150
160200
160201
160202
160203
160228
160229
160212
160250
160200
160201
160202
160203
160822
160833
160838
160831
160451
160452
160454
160455
160703
160711
160704
160709
160652
160654
160657
160658
160659
160662
160664
160667
160669
160668
160661
160666
160832
160834
160710
160453
160456
160418
160553
160554
160555
160552
160556
160551
160357
160356
160359
160355
160360
160361
160001
160002
160005
160006
160035
160036
160037
160038
160031
160032
160033
160034
160039
160040
160041
160042
160046
160047
160048
160049
160050
160051
160052
160053
