150110
150111
141041
141129
141018
141019
251280
251281
251282
144002
144004
140000
141106
141129
150110
150111
160033
160034
141481
142161
141180
141086
150114
150115
141218
141026
144001
144003
140020
142104
142105
144012
141003
141289
141120
141087
141065
141391
141203
141264
212000
141209
141106
140000
144101
141215
141007
141042
142220
142081
142002
143160
143121
212501
212006
209800
141083
141069
140005
139070
135350
137270
137040
141386
141020
141021
212045
141145
141106
141167
141268
140010
140003
144101
141007
141407
142081
141403
141085
141084
141083
141079
141064
141042
141106
141167
141268
140003
144101
141183
141145
142380
142379
142180
142063
143289
143264
143121
141482
141386
141380
141301
141272
141187
141133
141132
141125
141069
141384
141064
141106
141167
141268
140003
144101
141403
141401
141083
141007
142081
141407
141085
141084
141082
141080
141079
141064
141042
135130
141106
141167
141268
140003
144101
141133
141272
141187
141125
142263
142180
142063
142262
143289
143264
143121
141482
141386
141384
141380
141361
141301
141269
141225
141222
141215
141183
141132
141064
141042
141296
141206
141106
141167
141268
140010
140003
144101
141160
141222
141215
141042
142203
142183
142162
143202
143160
143121
212006
209800
141401
141165
141007
135350
140013
141206
141145
141106
141167
141268
140003
144101
141225
141222
141372
141042
142220
142162
143060
212006
209800
160228
160229
141165
141160
141069
141064
141296
141476
141106
140010
141167
141268
140010
140003
141361
144101
141291
141296
142101
143282
143280
143264
160228
141374
141364
141363
141285
141368
140003
141260
141478
142270
142262
251231
251230
144103
139940
141482
141267
141269
139230
141424
141476
143263
141422
143264
142263
139040
142264
142267
142268
142265
142266
143060
141109
140008
251231
141267
142269
144103
141482
141269
139940
141476
143264
143263
142268
142267
142266
142265
142264
142263
141422
139040
143060
142262
141109
140008
150111
