121001
121002
121003
123001
150100
150101
121201
129200
129205
160039
160040
187110
123002
123003
123004
123005
123007
123008
123009
123011
123012
150104
150105
129200
129205
123000
125000
125001
125002
125003
125004
125010
125011
125012
125013
125014
125015
125016
129200
129205
127006
127009
127012
127013
127021
150106
150107
178008
127018
127022
127506
127518
127519
129003
129004
129009
129010
129011
129020
129021
129022
129023
129024
129025
129031
129032
129041
129103
129201
129209
129210
129217
129231
127000
127006
127009
127010
127012
150106
150107
127021
127022
127506
127518
127519
129001
129002
129003
129004
129008
129009
129010
129011
129020
129021
129022
129027
129101
129212
129219
127009
127002
127006
127010
127012
129102
150106
150107
127022
127506
127511
127518
127519
129001
129002
129003
129004
129008
129014
129016
129027
135110
127006
127009
127016
127020
127024
127026
150106
150107
150108
150109
127022
129009
129010
129020
129023
129024
129025
129028
129029
129030
129031
129032
129033
129038
129039
129040
129041
129044
129045
129046
129104
127006
127009
127016
127020
127024
127026
150106
150107
150108
150109
127021
127022
129001
129002
129009
129010
129020
129023
129024
129025
129028
129029
129030
129031
129032
129033
129038
129039
129041
129105
129110
127517
128032
129202
129203
129204
129206
129208
129213
129215
129216
129218
129221
129224
129226
121001
121002
131030
137225
150100
150101
187260
129200
129205
160039
160040
123002
123003
123004
150104
150105
121003
123005
123007
123302
131070
133020
135340
150106
150107
129200
129205
123000
123008
123009
123011
123012
125006
125010
125011
125015
125018
129039
135030
135050
135080
135212
137400
137540
125004
129200
129205
137060
137070
160039
160040
127016
127020
129222
129223
150108
150109
129020
135130
135155
135220
137110
137130
137150
137310
137430
137470
137600
137840
139030
139060
139170
139250
139350
139513
139920
127024
127026
129020
129023
129024
129025
129030
129031
129032
129033
129045
129046
129212
129219
135130
127024
127026
129023
129024
129025
129028
129029
129030
129031
129032
129033
129201
129217
129231
127018
127024
127026
129030
129031
129032
129033
129038
129039
129040
129044
129045
129046
129201
129217
129231
178008
129110
129227
129228
129229
129230
125015
127006
127009
128032
129009
129010
129206
129213
129216
129226
129909
139180
139260
129218
125500
125501
125502
125504
125507
125505
127503
127504
127505
127506
127507
127508
127509
127511
127513
127516
127517
127518
127519
440108
125509
127512
129224
129204
125510
125500
125507
125801
125805
177159
177304
177804
125806
125807
125815
125816
125818
127518
129009
129010
129021
129022
177104
125505
125510
125814
125817
127018
127511
127517
127519
139080
129951
129952
129953
129954
129955
129956
129957
129959
129960
129961
129962
129963
129964
129965
129966
129969
129970
121001
121002
121601
121602
121603
125505
125603
127000
127022
129015
129215
129603
129970
125017
128032
129203
129204
129800
129904
129907
129908
129909
129910
129911
129912
135250
121002
129232
