070003
070004
070005
070010
070011
070011a
070011b
070020
070021
070025
070022
070030
070032
070035
070031
070120
070121
070100
070101
070080
070040
070041
070042
071005
071010
072181
072184
072063
072060
072003
072044
072249
072221
072701
072220
072140
072141
072180
072183
072011
072010
072002
072042
072043
072150
072151
072155
072156
072157
072152
072098
072096
072015
072015a
072017
072016
073005
073007
073154
073132
073133
073134
073101
073102
073013
073041
073006
073099
073602
073601
073156
073157
073155
073040
073604
073603
073605
073250
073063
073800
073140
073141
073009
073143
073010
073011
073011b
073000
073002
073003
073004
073008
073018
073019
073043
073045
073046
073500
073502
074602
074210
074800
074090
074322
074335
074207
074208
074209
074311
074310
074050
074051
074206
074082
074170
074171
074003
074086
074000
074001
074085
074204
074703
074702
075126
074035
074036
074045
074080
074081
074070
074555
074700
074280
074290
074084
074258
074259
074502
074507
074509
074503
074504
074517
074101
074102
074120
075281
075155
075231
075230
075267
075260
075261
075262
075561
075560
075540
075300
075301
075341
075340
075410
075701
075562
075270
075550
075010
075220
075016
075274
075510
075500
076000
076001
076010
076012
076015
076016
076020
076030
170007
170007a
076005
170007b
170007c
076011
170007d
076040
076041
070004
