020000
020001
020002
020003
020004
020005
020017
020006
020007
020008
020009
020018
020019
020010
020021
020011
020020
020022
020013
020023
020015
020016
020014
020113
020024
020030
020031
020040
020041
020042
020033
020043
020034
020044
020053
020082
020083
020070
020081
020050
020051
020052
020054
020055
020062
020071
020084
020085
020057
020056
020086
060006
020110
020111
020120
020090
020112
020091
020106
020105
020115
020122
020095
020093
020096
020092
020121
020116
020123
020124
020097
020134
020137
020038
