150070
150071
150072
150073
150074
150075
125500
127507
150100
150101
150104
150105
150106
150107
150108
150109
150110
150111
150114
150115
150120
150121
150124
150125
150130
150131
150134
150135
150140
150141
150144
150200
150201
150202
150203
150204
150205
150206
150207
150208
150209
150210
150211
150214
150215
150216
150217
150222
150223
150224
150225
150228
150229
150230
150231
150236
211028
212002
212011
212017
212018
212022
211043
150410
150412
150502
150504
150509
150515
150521
150522
150532
150537
150540
150542
150546
150564
150566
212123
212129
212140
150570
150575
150903
150582
150583
150600a
150600b
150600c
150614
150615
150617
150623
150624
150625
150628
150636
150637
150900
150901
150902
150905
150907
150908
150909
150910
150912
150913
150915
150916
150922
150925
150926
150931
150071
150150
150151
150151a
150160
150161
150180
150195
150237
150240
150244
150245
150256
150257
150260
150261
150266
150267
150270
150271
150272
150273
150276
150278
150279
150280
150281
150282
150283
150290
150292
150293
150294
150295
150297
150298
150299
