190000
190001
190002
190002a
190002b
190003
190003a
190003b
190004
150140
150141
187112
190005
190006
190007
160035
160036
160051
187540a
187540b
150144
190570
190530
190564
190511
190512
190515
190473
190474
190475
190476
190478
190595
190472
190477
190015
190016
190800
190017
190018
190019
190029
190030
190031
190020
190021
190022
190023
190024
190025
190026
190027
190028
190032
190033
190034
190038
190039
190040
190041
190042
190043
190060
190061
190062
190084
190085
190086
190148
190149
190150
190179
190180
190181
190063
190064
190065
190161
190162
190164
190165
190243
190244
190245
190246
190247
190248
190074
190075
190168
190169
190170
190171
190172
190174
190175
190254
190255
190256
190262
190263
190264
190271
190272
190276
190277
190279
190280
190281
190282
190283
190284
190288
190289
190293
190294
190296
190297
190298
190299
190304
190305
190307
190308
190312
190313
190315
190316
190317
190318
190319
190320
190322
190323
190329
190330
190331
190332
190334
190336
190337
190338
190339
190340
190345
190346
190348
190349
190350
190351
190353
190354
190356
190357
190359
190360
190362
190363
190365
190366
190368
190369
190370
190371
190374
190375
190376
190377
190378
190379
190381
190382
190389
190390
190392
190393
190395
190396
190398
190399
190402
190403
190409
190412
190413
190414
190415
190416
190417
190418
190419
190420
190422
190423
190426
190427
190429
190430
190431
190432
190433
190434
190437
190438
190441
190442
190445
190446
190457
190458
190459
190464
190465
190470
190471
212402
212403
190509
190522
194301
204742
190508
190546
190549
190550
190551
190553
190558
190559
190560
190563
190579
190536
190525
190547
212104
190545
190479
190583
190584
190585
190586
190587
190588
190590
190592
190594
190596
190667
190670
190600
190597
212105
190599
190610
190626
190627
190628
190702
190703
190541
190542
190538
190539
190540
190574
190573
190622
251260
190519
190510
190526
190534
190514
190637
190638
190639
190640
190641
190642
190643
190644
190645
190646
190647
190648
190649
190650
190651
190652
190653
190654
190655
190656
190658
190659
185095
185720
185750
185751
185983
186100
186110
186125
186156
190552
190555
190665
190676
200131
200504
201001
202450
202451
203010
203111
206521
206522
207311
207506
207519
207708
208341
208443
208444
208601
209041
209267
209271
209272
209806
209812
209822
209831
209840
209841
209852
209849
190571
190561
205613
209263
190520
201910
201908
190701
190801
185730
185731
185770
185771
185932
185933
185952
185953
185972
185973
190700
194101
194102
194103
194104
194201
194202
194302
194401
194402
194403
194714
194715
194716
194717
194718
194720
194719
194721
194722
194723
194724
194727
194726
194725
194901
194902
