050004
050008
074170
074171
076000
076001
125017
127022
127511
129008
135040
135060
135110
139160
139270
139950
141129
141209
141374
150104
150105
150110
150160
150161
190559
050008
050004
050008
074170
074171
076000
076001
125017
127022
127511
129008
135040
135060
135110
139160
139270
139950
141129
141209
141374
150104
150105
150110
150160
150161
190559
050008
050008
050008
050004
190800
190801
201911
211400
212000
212002
212003
212004
212006
212007
212010
212011
212012
212013
212014
212015
212017
212018
212019
212020
212021
212022
212023
212025
212026
212027
212060
212109
212111
212112
212114
212118
212121
212125
212163
212400
212405
212406
212408
212410
212412
212413
212414
212416
212418
212419
212501
251210
251211
251212
251213
251215
251216
251217
251218
251219
251220
251221
260081
212103
212104
212105
212402
212403
190020
190021
190022
212037
211028
211043
211099
211104
211110
211122
211132
211402
211403
212009
212029
212030
212033
212035
212063
212064
212098
212099
212123
212129
212130
212133
212160
212162
212300
212415
212500
212038
212110
212024
211430
211431
211432
211433
211436
212028
212134
212435
212425
212136
212039
212135
211138
212426
212138
212040
212427
212041
212428
211054
212115
212165
211060
212140
212043
212044
212142
212143
212429
211434
212144
211418
211401
212108
211144
212417
251214
212126
139161
