180180
180181
180182
150150
150151
150151a
180113
180114
180115
180112
180116
180383
180384
180381
180110
180382
180111
180340
180341
180350
180351
180370
180371
180303
180542
180543
180452
180453
180510
180511
180513
180514
180515
180540
180541
180550
180551
180500
180501
180560
180561
180570
180571
184320
184321
180009
180503
181180
181181
181750
181751
181700
181701
181702
181704
181705
181709
181901
181902
181903
181904
181905
181706
181710
181712
181713
181714
181715
181716
181717
181785
181912
181718
181020
181719
181711
181784
181720
181721
181722
181922
190705
190704
181780
181781
184613
184614
181742
181743
181744
181745
181748
181749
181943
181944
186142
186145
188111
188112
181940
185914
181941
181942
181946
181746
181747
181752
181753
181754
181755
181756
181757
181759
181954
188151a
188151b
181951
181952
181848
181849
181760
181761
181762
181763
181764
181765
181962
183260
181770
181771
181772
181773
181774
181775
181776
181777
181970
181971
181972
181973
181975
181787
181788
181974
181782
181783
181812
181813
181786
181789
137610
181778
181779
181790
181791
160041
160042
188151c
188171a
188171b
188171c
188380
188381
182112
180117
180118
182301
182450
182451
184350
183130
183131
183132
183134
183133a
183332
183333
183334
186191
186192
186193
186194
186195
186196
186197
186198
180385
180386
190700
184112
184322
209832
184303
184452
184453
184500
184501
184504
184505
184502
184503
184541
184506
184570
184571
185720
185710
185711
185730
185731
185750
185751
185770
185771
209806
209852
185790
185791
185906
185912
185913
185932
185933
184632
185952
185953
185972
185973
185982
185983
185792
185793
185091
185092
185093
185094
185095
185096
186080
186187
208344
186189
186100
186110
186111
186112
186150
186151
186152
186154
186156
186157
186158
186153
186103
186104
186105
186123
186125
186162
186163
186164
186170
186174
186175
186130
186190
186188
180110a
180111a
176307
187110
187111
187260
187440
187520
187522
187523
187540a
187540b
187542
190006
160048
160049
187261
121201
187112
187113
