060000
060006
060009
060010
060012
060002
060020
060021
060023
060024
060026
060028
060027
060025
060032
060040
060046
060049
060052
060054
060059
060055
060060
060072
060074
060076
060079
060070
060083
060086
060087
060091
060099
060080
060092
060110
060100
060103
060106
060115
060111
060117
060119
060116
060118
060113
060134
060136
060132
060125
060124
060126
060123
060122
060149
060142
060141
060145
060148
060169
060153
060150
060152
060168
060189
060174
060173
060172
060171
060170
060192
060190
060195
060198
060199
060341
060220
060221
060241
060252
060253
060250
060260
060264
060261
060282
060281
060292
060290
060291
060301
060323
060320
060311
060317
060315
060318
060366
060360
060369
060400
060403
060406
060410
060420
060431
060442
060450
060451
060455
060452
060432
060457
060440
060425
060424
060459
060441
060421
060422
060423
060456
060470
060471
060476
060480
060500
060503
060520
060522
060526
060527
060550
060549
060579
060585
060533
060534
060556
060557
060544
060580
060571
060551
060701
060702
060703
060704
060705
060707
060708
060709
060710
060711
060712
060729
060730
060731
060732
060733
060734
060735
060736
060737
060738
060739
060740
060742
060743
061020
061030
061010
061050
061055
061060
060602
060610
060631
060605
060646
060621
060006
060570
060760
060761
060762
060763
060764
060765
060766
060770
060771
060772
060773
060774
060775
060776
060777
060778
060779
060780
060781
060800
060801
060802
060810
060813
060820
060821
060822
060823
060824
060825
060826
060840
060841
060842
060900
060901
060902
060903
060904
060767
060803
060811
060812
060706
060741
060804
060632
