080024
080228
080236
080240
080249
080261
080246
080311
080324
080336
080342
080348
080351
080354
080355
080356
080001
080131A
080101a
080101b
080101c
080101d
080101e
080101f
080101g
080101h
080101i
080101j
080101k
080101l
080101m
080101n
080101o
080101p
080101q
080002
080003
080102
080103
080004
080134
080135
080136
080104a
080104b
080104c
080104d
080137
080005
080105a
080105b
080105c
080006
080007
080106
080014
080114
080008
080009
080108a
080109a
080109b
080108b
080010
080140c
080140d
080140a
080140b
080011
080016
080141
080012
080013
080113
080653
080203
080204
080201
080202
080206
080207
080208
080209
080015
080115
080210
080212
080213
080235
080243
080220
080219
080215
080217
080218
080221
080225
080226
080801
080116
080227
080229
080230
080117
080232
080231
080233
080234
080241
080018
080118
080242
080119
080238
080237
080239
080120
080244
080245
080247
080248
080121
080250
080252
080251
080122
080254
080255
080256
080257
080258
080253
080022
080259
080260
080123
080263
210002
210030
080126
080264
080265
080125
080129
080266
060076
090302
090303
090304
060010
060080
060083
030034
030035
030040
030075
030081
040013
040116
040196
040085
050320
050322
112101
112361
210001
050010
080655
080302
080303
080304
080301
080300
210028
080654
080306
080308
080307
080309
060009
060150
060141
060152
060091
060134
060116
030564
030086
030090
030102
030113
090353
090352
090350
040210
040170
050321
050323
040163
080051
080151a
080151b
080314
080310
080312
080313
080315
080316
080317
080318
080320
080321
080802
080656
080322
080323
080326
080658
080327
080328
080329
080659
080332
080330
080331
080660
080343
080344
080661
080345
080662
080346
080347
080679
080335
080333
080334
