200000
200100
200101
200102
200104
200105
200106
200107
200120
200122
200123
200124
200125
200126
200127
200142
202230
200300
200301
200302
200303
200320
200321
200322
200323
200324
200326
200327
200340
200341
200342
200346
200500
200501
200502
200503
200504
200505
200506
200507
200508
200520
200521
200522
200523
200524
200525
200526
200527
200540
200700
200702
200703
200704
200705
200706
200707
200701
200720
200721
200722
200723
200724
200733
200900
200901
200902
200903
200904
200905
200906
200907
200919
200920
200921
200922
200923
200924
200925
200926
200927
200928
200929
200930
200931
200932
200933
200918
200030
200031
201100
201200
201201
201301
201400
201450
201502
201503
201504
201505
201600
201601
201602
201603
201605
201606
201608
201609
201700
201701
201702
201703
201705
201144
200039
202100
200037
201003
200038
200024
200027
200058
202101
202102
202103
202104
202105
202106
202107
202108
202109
202110
202111
202112
202263
202282
202283
202285
202286
202287
202271
202272
202306
201489
201490
201518
201535
201981
202230
202241
202243
202244
202245
202246
202247
202248
202249
202250
202251
202252
202253
202255
202256
202257
202259
202260
202261
202270
202321
202325
202327
202322
202326
202328
201001
207840
207841
207843
209206
201068
202450
202451
202441
202442
202443
202445
202444
202446
202447
202540
202542
202641
203504
203508
203317
203316
203315
205198
201715
200005
200008
200009
201213
201332
203200
203201
203202
203203
203204
203205
203206
203207
203208
203209
203210
203211
203212
203213
203214
203215
203216
203217
203218
203219
203220
203221
203222
204020
204021
204022
200032
200033
204040
204041
204042
204043
204044
204045
204046
204047
204048
204049
204050
204051
204052
204053
204054
204055
201358
202021
204056
204057
204058
200056
200057
200054
200013
200055
204250
204251
204252
204253
204254
204255
204256
204257
204280
204281
204284
204285
204286
204287
204288
201403
201404
201405
204339
202258
204540
204541
204546
204547
204548
204549
204550
204551
204559
204583
204588
204562
200001
201944
204643
204644
204642
201949
204742
204741
204743
205512
201117
201485
201486
201487
201488
204582
205101
205199
205200
205201
205202
205209
205210
205211
205212
205213
205221
205222
205223
205224
205225
205231
205234
205236
205237
205238
206140
206144
206146
206170
206192
201893
203231
206145
200022
200023
209507
209819
209820
209822
209831
206240
206241
206242
206245
206246
206313
206315
206317
206318
206320
206347
206348
206316
201041
201042
200025
206344
206442
206443
200015
200016
206521
206522
206523
206600
206601
206602
206640
206641
206643
206644
206645
206646
206647
200002
202263
207530
207538
207539
208609
200028
200059
201707
203229
205300
205311
207200
207201
207203
207204
207205
207206
207207
207208
207209
207210
207211
207212
207213
207214
207215
207216
207217
207218
207307
207308
207313
207956
207958
207954
202322
207943
207946
207947
207949
207950
207952
207955
207957
207960
207961
207982
209805
209814
209815
209816
207987
207988
209807
207990
207992
207993
207995
200019
200035
208068
200528
208092
202254
202294
203507
208061
208062
208063
208064
208065
208066
208080
208083
208084
208089
208090
208091
208841
208093
208094
208095
208069
208140
208142
208143
208144
208150
208160
208190
200042
208341
208344
200426
200428
200429
200529
200530
208440
208442
208444
208445
208605
208608
208601
208602
208604
208607
208610
208623
209225
208624
208606
201834
201822
201841
201842
201845
208742
208743
208744
208745
208746
208747
201138
201139
201140
201141
201142
208850
208851
208852
208853
208854
208855
208856
208857
208858
208859
208860
208862
208866
208867
208868
208871
208872
208875
208876
208877
208940
208941
208942
208943
208944
208945
208946
208947
209041
209042
203010
203013
203014
203015
203016
203020
203022
203011
203021
190702
203060
203070
190703
203111
203120
203122
201009
201010
201831
203235
204581
205418
205423
206315
207129
207311
208241
208445
208928
209087
209198
209199
209200
209202
209203
209204
209205
209209
209210
209211
209214
209505
209800
201911
204742
201908
201153
201929
202321
202325
202327
202450
202451
203052
208443
208605
209806
209809
209821
209823
209824
209825
209827
209828
209830
209832
209833
209834
209836
209837
209838
201001
201707
203054
205418
205423
205743
206521
206522
206523
208445
209041
209042
209287
209803
209826
209840
209841
209852
208606
209804
201910
209500
209501
209502
201958
209505
201958
209400
201068
202542
206318
200100
201706
201801
201901
203232
203233
203234
206260
206261
206262
206264
207611
208929
201607
201506
201708
201002
201709
201401
201402
207088
205226
201451
206263
207612
201507
200041
200052
202273
202274
202275
202276
202277
202278
202279
202280
202295
209255
202281
202284
202288
202289
202290
202292
202262
202264
202265
202266
202267
202268
202269
202296
202297
202298
202299
202300
202301
202302
202303
205196
205195
201517
202448
202304
202305
200010
200012
200021
200034
201189
207084
201278
201280
203223
203224
203225
203226
203230
203301
203302
203305
203308
203309
203312
203313
203314
203407
203408
203409
203410
203411
203500
203501
203502
203503
203505
203506
203600
203602
203603
203606
203609
203610
203612
203613
203704
203711
203716
203717
203723
203738
203747
203782
203783
203784
203786
203787
203788
203789
203790
203791
203793
203794
203796
205438
205441
206265
206266
206267
206268
206269
207844
207845
208075
208076
208077
208078
208924
208925
208926
208927
201221
201397
200003
200007
201714
201716
201398
201399
203227
206270
206271
206272
203228
203236
209258
200018
200036
200040
203241
203242
207033
200045
200046
200047
200048
200049
200050
200051
205239
205240
205241
205280
205281
205304
205305
205306
205308
205309
205312
205407
205408
205409
205411
205412
205413
205416
205417
205421
205422
205424
205426
205427
205428
205431
205436
205439
205440
205442
205443
205444
205445
205446
205500
205501
205503
205504
205505
205506
205507
205508
205509
205510
205511
205514
205516
205520
205523
205524
205525
205526
205601
205603
205608
205609
205610
205612
205613
205617
205618
205619
205620
205713
205717
205724
205725
205726
205727
205728
205729
205730
205731
205732
205733
205734
205735
205736
205737
205738
205741
205742
205744
205745
205746
205747
205748
205749
205750
205751
206244
207306
207608
207615
207616
207617
207846
208212
208840
209254
209810
209811
209812
209813
205406
205752
205753
205754
205755
205756
205621
205303
205757
201491
201578
205310
205313
205314
205315
205277
205227
205614
205758
200017
201119
200115
200116
200026
200043
205759
205622
205623
205624
205625
205626
205627
205628
201080
201118
207314
207315
207500
207501
207503
207504
207505
207506
207507
207508
207509
207511
207512
207514
207515
207516
207517
207518
207519
207520
207522
207523
207524
207526
207529
207531
207533
207534
207535
207536
207537
207600
207602
207605
207606
207609
207610
207521
207708
207312
207709
205301
200044
208887
208888
208889
208892
208891
204580
201143
208893
209218
209219
209220
209223
209226
209227
209228
209229
209230
209233
209234
209236
209237
209241
209242
209244
209245
209246
209247
209248
209250
209251
209252
209253
209256
209257
209259
209260
209261
209262
209263
209266
209267
209268
209270
209271
209272
209274
209275
209276
209278
209279
209283
209284
209286
209288
209289
209290
209293
209294
209295
209296
209297
209298
209299
209300
209301
209817
201712
209249
200004
200006
209818
205316
201187
201425
201312
209201
209269
201243
201011
201012
200014
200020
209839
209849
209851
209853
209854
200131
209842
