112211
112212
112213
112214
112215
112216
112217
112231
112232
112233
112234
112235
112236
112237
112238
112239
112271
112121
112122
112123
112124
112125
112129
112130
112131
112132
112133
112101
112111
112241
112341
112343
112344
112345
112346
112347
112348
112349
112351
112352
112353
112354
112355
112356
112357
112359
112161
112162
112164
112165
112166
112167
112169
112171
112172
112173
112178
112181
112182
112183
112151
112152
112157
112158
112441
112432
112433
112434
112435
112442
112443
112444
112445
112446
112447
112448
112449
112450
112451
112452
112453
112454
112361
112551
112532
112539
112540
112542
112543
112544
112545
112546
112547
112549
112552
112553
112554
112440
112436
112439
112457
112555
112616
112617
112619
118411
118412
112621
112622
112623
112921
112931
112358
112712
112713
112714
112715
112716
112717
112718
112719
112720
112721
112722
112723
112724
112725
112726
112727
112915
117113
117440
117442
118925
118417
118418
118928
110005
430007
118920
117031
118111
118213
118127
118128
115111
115112
118211
115113
115114
115115
115126
115127
115128
115131
115132
115133
115134
115135
115136
117021
117022
115149
115145
115120
117031
118711
118513
118515
118518
118156
118159
118516
117021
117022
118925
117113
117442
114817
118417
114816
118910
110005
110013
118113
118912
118914
118916
118917
118918
118919
118920
118923
118924
118927
118930
118922
430007
118920
117433
117412
117031
117423
117431
117441
117111
117411
117435
117436
117433
117434
117021
117022
118925
117440
117113
117442
118417
110005
118920
118923
118916
118918
118912
118113
118917
118919
118914
118924
118926
118930
118922
430007
118920
117433
117434
112211
112212
112213
112214
112215
112216
112217
112231
112232
112233
112234
112235
112236
112237
112238
112239
112271
112111
112121
112129
112130
112131
112132
112133
112241
112341
112343
112344
112345
112346
112347
112348
112349
112351
112352
112353
112354
112355
112356
112357
112359
112161
112162
112164
112165
112169
112171
112178
112181
112182
112166
112167
112183
112172
112173
112151
112152
112157
112158
112432
112433
112434
112435
112441
112442
112443
112444
112445
112446
112447
112448
112449
112450
112451
112452
112453
112454
115158
115146
115156
115153
115154
115157
115143
115160
115144
115155
115148
115147
115141
115142
115331
115332
115333
115334
115335
115336
115161
115162
115163
115164
115165
115166
115167
115168
115169
115311
115312
115313
115314
115315
118131
118132
118112
118032
118665
118613
110009
208623
117451
030005
119218
110012
212006
119222
112916
118921
212501
212045
118512
118511
11902
030131
030127
212103
119220
110020
