100007
100006
100450
100451
100456
100457
100458
100032
100101
100108
100109
100130
100131
100139
100150
100151
100152
100153
100159
100280
100281
100287
100289
100283
100138
100160
100161
100168
100169
100170
100171
100178
100180
100181
100188
100200
100201
100208
100209
100220
100229
100230
100231
100238
100239
100189
100128
100129
100240
100241
100248
100260
100261
100265
100290
100299
100320
100350
100351
100358
100121
100352
100300
100002
100374
100033
100034
100014
100000
100001
100008
100012
100009
100019
100016
100011
100013
100184
100163
100164
100215
100233
100285
100286
100255
100513
100611
100585
100099
100514
100070
100071
100763
100764
100567
100572
100570
100583
100582
100569
100580
100584
100576
100060
100065
076020
100603
100609
100615
076030
100607
100099
100617
100601
076012
076010
100717
100626
100630
100616
100513
100611
100585
100099
100070
100071
100514
100763
100764
100750
100765
100767
100768
100771
100766
100762
100769
100759
100772
100007
100006
100032
100458
100451
100456
100450
100457
100101
100131
100130
100152
100153
100151
100150
100280
100281
100283
100287
100289
100129
100138
100108
100109
100139
100159
100160
100161
100170
100171
100181
100180
100201
100200
100220
100231
100230
100168
100178
100169
100229
100238
100239
100208
100188
100189
100209
100240
100241
100260
100261
100265
100290
100320
100350
100351
100128
100121
100352
100300
100299
100358
100248
100002
100374
100033
100034
100008
100001
100000
100012
100009
100011
100019
100016
100013
100184
100163
100164
100215
100233
100285
100286
100255
100513
100585
100611
100099
100514
100071
100070
100763
100764
100570
100567
100572
100583
100582
100580
100584
100569
100576
100060
100065
076020
100603
100609
100615
076030
100607
100099
100601
100617
076012
076010
100717
100626
100630
100616
100513
100585
100611
100099
100071
100070
100514
100763
100764
100750
100765
100767
100768
100771
100766
100762
100769
100759
100772
100010
100007
100140
100141
100099
100017
100101
100108
100109
100139
100138
100151
100150
100130
100131
100283
100280
100287
100289
100159
100168
100169
100188
100178
100161
100160
100181
100180
100170
100171
100189
100208
100209
100201
100230
100231
100200
100238
100239
100121
100248
100240
100241
100220
100260
100261
100265
100290
100229
100299
100358
100352
100350
100351
100300
100320
100128
100002
100374
100019
100008
100009
100012
100004
100011
100013
100370
100006
100101
100152
100151
100153
100150
100131
100130
100281
100280
100283
100287
100289
100138
100108
100109
100139
100159
100160
100161
100171
100170
100181
100180
100201
100200
100230
100231
100220
100178
100168
100169
100229
100238
100239
100208
100188
100189
100209
100240
100241
100351
100350
100261
100732
100290
100265
100320
100248
100128
100129
100260
100121
100352
100300
100299
100358
100377
100378
100002
100033
100034
100014
100001
100008
100000
100012
100009
100016
100019
100011
100013
100141
100140
100017
100010
100370
100108
100109
100139
100138
100159
100101
100151
100150
100130
100131
100280
100283
100287
100289
100168
100169
100188
100178
100161
100160
100181
100180
100170
100171
100189
100208
100209
100201
100230
100231
100200
100238
100239
100128
100129
100121
100248
100240
100241
100220
100260
100261
100265
100290
100229
100299
100358
100320
100352
100350
100351
100300
100732
100378
100377
100002
100019
100008
100009
100012
100004
100013
100011
100103
100808
100809
100806
100059
100813
100807
100801
100802
100803
100006
100370
100101
100150
100151
100152
100153
100283
100281
100130
100131
100280
100200
100201
100220
100230
100231
100180
100181
100160
100161
100170
100171
100290
100350
100351
100240
100241
100732
100320
100265
100260
100261
100121
100352
100002
100377
100378
100300
100034
100033
100014
100008
100001
100000
100012
100009
100016
100019
100011
100013
100103
100808
100809
100806
100059
100813
100807
100801
100802
100803
100975
100960
100961
100962
100976
100908
100980
100977
100978
100979
100917
100916
100971
100968
100927
100970
070040
070041
070042
070080
071005
100965
100966
100967
100963
100964
100972
100973
100923
100924
100971
100968
100970
100927
